0 162 1868 1706  
1 70 1352 1282  
2 91 1117 1026  
3 87 1087 1000  
4 117 1117 1000  
5 206 1205 999  
6 239 1243 1004  
7 291 1297 1006  
8 380 1383 1003  
9 523 1526 1003  
10 756 1755 999  
11 1100 2125 1025  
12 1723 2789 1066  
13 2686 3742 1056  
14 4181 5258 1077  
15 6590 7678 1088  
16 10551 11664 1113  
17 16967 18073 1106  
18 27471 28572 1101  
19 44297 45400 1103  
20 71536 72689 1153  
21 115685 116791 1106  
22 187072 188178 1106  
23 302609 303709 1100  
24 522325 523607 1282  
25 792546 793790 1244  
26 1282044 1283203 1159  
27 2065175 2066225 1050  
28 2720604 2721735 1131  
29 4414509 4426346 11837  
30 4629391 4630348 957  
31 7400691 7404614 3923  
32 11928910 11932068 3158  
33 19251289 19260556 9267  
34 31185047 31196255 11208  
35 49657616 49688821 31205  
36 167491568 167541292 49724  
37 271523265 271546923 23658  
38 388184707 388239993 55286  
39 694599063 694656578 57515  
40 1119475011 1119532056 57045  
41 1694099854 1694157134 57280  
42 2753911669 2753966481 54812  
43 4821314587 4821369908 55321  
44 7550825734 7550881261 55527  
45 12447779435 12447838810 59375  
46 19289983577 19290006450 22873  
47 15955457362 15955491978 34616  
48 53851493405 53851550881 57476  
49 81192649017 81192706741 57724  
50 128654149893 128654222052 72159  
